660 1382 18 145
243 381 32000
139 348 33121
266 452 24207
90 481 44102
563 575 62968
52 613 19235
405 651 97944
99 506 40792
95 583 39825
272 354 17889
13 648 33136
109 622 12806
99 609 59135
203 495 33422
424 472 42720
100 150 37336
310 623 64382
100 134 25179
338 645 27514
191 347 49649
26 232 32280
460 609 72835
253 634 13342
271 542 33615
145 164 65970
309 416 73824
177 347 48010
442 504 37855
195 277 42755
128 643 21213
130 652 23345
396 621 56515
119 509 11705
299 620 58523
106 480 39623
69 481 46065
19 498 46011
181 433 17088
35 631 48104
207 372 11045
75 470 62650
310 634 50990
612 630 23000
1 35 74330
109 116 17029
63 186 31623
187 198 57140
558 560 48703
296 629 16125
313 461 56648
378 583 33541
44 54 14036
220 333 50160
3 519 24413
55 241 42802
141 295 13038
129 143 47885
297 373 19698
9 465 29275
337 519 23022
126 412 53009
532 547 24597
59 311 34059
228 654 59228
353 585 24083
313 538 43417
471 603 13000
232 432 50804
96 125 16279
60 245 45277
123 126 50990
157 596 35341
318 482 20591
354 359 24021
420 508 94366
33 48 12166
230 404 36688
417 495 103175
427 600 31623
85 598 13342
365 411 54708
433 445 42521
104 618 24042
399 617 39205
88 657 44553
43 400 46011
105 559 44147
33 46 24413
452 655 14866
482 506 65765
133 151 47707
106 128 27203
512 553 33541
257 634 26907
31 410 11705
153 244 55973
334 571 65000
380 571 36056
426 512 31241
364 394 31048
121 465 30000
54 541 25942
429 556 19026
364 618 76922
567 638 31257
174 367 33601
194 426 46043
192 285 34828
1 577 44294
299 445 37202
93 281 10817
3 351 52612
362 453 82006
70 229 68622
171 435 61685
101 156 46872
280 282 42720
110 539 38013
213 409 46861
435 464 55073
59 238 18439
191 604 25710
159 212 36235
204 452 22204
306 633 23087
162 398 60605
91 449 68622
440 518 24166
25 602 37643
285 490 32527
455 558 41881
14 630 14422
334 369 53935
370 614 73593
152 648 49041
39 340 34482
191 496 37577
576 647 15811
454 473 70342
439 637 78000
65 80 40012
153 361 47518
164 574 33838
480 592 59363
256 370 29069
417 554 38897
393 579 18682
336 506 54918
112 313 56400
254 529 20616
31 467 42942
188 356 48332
121 330 38897
23 422 42755
160 435 34000
331 635 41437
347 557 43186
91 568 30150
395 552 43000
30 440 31305
13 155 13342
185 594 64846
140 515 28284
260 520 136341
116 536 33541
115 306 34059
309 446 68096
336 406 16279
242 498 24083
267 453 32280
19 384 32016
227 521 34670
78 418 37736
420 505 140730
56 620 49497
307 360 53235
474 493 37443
511 529 45354
10 80 11180
2 87 33526
207 605 26077
428 452 28178
350 402 25807
545 647 15232
293 591 29275
53 118 22627
91 188 53935
201 239 37537
257 594 31048
375 396 54626
271 295 43105
196 251 33956
45 583 39459
326 567 30000
94 372 16031
373 469 14213
431 515 18974
206 546 38053
86 380 24207
170 495 76844
89 131 28443
181 237 28862
527 556 72567
183 259 54231
166 296 62266
160 339 28792
475 619 174977
146 334 56223
277 475 57271
211 477 31575
99 133 34015
190 360 47170
320 337 13601
295 587 55902
218 514 58822
47 585 41400
118 290 30017
190 198 39446
407 588 61098
211 529 39051
62 582 17117
218 423 47434
352 507 32985
126 541 30871
473 483 57271
114 625 31000
160 315 38484
454 518 78000
566 659 31113
417 552 18111
47 182 13038
479 554 36878
141 587 47170
217 258 43658
71 554 54009
354 384 12042
95 644 31016
213 646 43566
339 562 26571
61 273 16492
324 632 24187
178 508 23087
429 470 20591
180 484 40025
50 291 15620
29 654 43139
176 460 33838
227 396 40608
241 419 39395
10 43 39661
165 340 34205
497 507 29530
276 492 87693
79 267 49649
371 408 33422
404 564 27074
222 527 42202
152 296 47508
54 123 33106
549 648 41437
18 524 43681
29 489 54083
27 240 27893
351 540 10770
61 237 30414
253 257 23537
210 528 13892
102 611 26306
305 594 52000
61 510 53824
104 602 33377
276 591 71847
57 193 64031
303 544 61294
501 587 48332
418 493 34059
175 530 69814
27 334 29732
38 282 32894
110 430 60539
531 652 63789
49 558 73539
307 538 75133
251 400 45486
149 386 51000
21 454 43081
201 262 31241
333 623 46615
113 538 55973
225 550 25179
117 231 48104
142 650 26173
7 504 19235
435 500 65863
83 639 28636
305 458 14036
356 502 49497
244 292 20248
216 387 32573
242 403 55444
616 630 15000
156 629 38897
168 189 37054
273 345 39825
29 145 18028
294 404 82565
20 391 47043
35 223 23770
68 289 17117
241 294 44822
431 437 33242
416 446 39205
98 374 23854
176 549 15133
373 595 33061
129 165 50931
332 527 24042
246 468 21633
283 599 14036
127 366 16000
150 348 41400
387 590 73164
166 648 41869
188 601 50804
77 538 54644
277 447 15811
437 574 45607
238 311 36056
76 527 32388
149 572 50567
44 541 22091
133 206 45651
141 167 28862
394 466 32802
79 392 24187
154 365 18439
82 268 68731
193 486 70264
136 422 50606
192 330 37336
120 347 60902
327 470 28443
337 623 37000
454 598 47170
439 653 63246
28 92 31016
266 479 33302
163 334 63063
135 455 27514
304 606 28460
229 255 37483
34 60 38079
421 533 35341
344 426 39205
93 153 49092
125 533 51400
245 422 53310
351 623 46872
319 499 68542
298 471 48301
223 588 62370
309 629 29000
473 518 66030
370 434 72801
374 633 13038
390 490 39408
249 329 25080
9 121 22825
222 317 27514
9 67 36359
133 609 65299
127 554 27295
107 460 29069
105 627 39395
447 529 17493
4 627 23087
64 179 32450
132 593 36346
179 246 18358
97 185 67956
32 647 13342
518 598 54708
420 606 13892
79 362 29530
345 627 49659
577 631 48384
28 150 25942
172 571 37643
340 654 54781
280 450 23431
42 436 32650
112 593 19235
171 464 49031
470 556 34670
270 305 19416
159 635 24698
167 587 33136
361 507 42942
389 657 58592
20 628 19723
82 607 41976
393 581 50249
143 550 58822
297 630 37537
54 170 55606
283 658 15811
535 544 44598
198 543 16279
183 489 29155
105 135 53759
510 578 28653
214 508 48010
378 659 28844
381 651 34828
403 510 62266
279 307 70349
132 228 21213
276 650 31780
177 252 30887
201 554 26173
82 520 50329
118 591 35511
209 288 37162
20 514 29155
313 396 44407
77 377 19416
184 609 34986
29 600 58592
423 644 29428
326 481 49041
389 654 35468
548 563 42450
91 658 30000
62 430 21095
387 409 17493
383 501 48083
216 511 39825
396 521 55543
20 70 20100
223 226 49244
350 396 58215
195 475 56604
7 476 35777
131 282 12649
51 57 54781
262 281 41146
260 508 81884
120 217 32249
227 350 32802
240 245 39051
140 561 29547
84 310 60208
331 475 91679
283 568 27514
228 396 56886
61 578 48847
49 279 46615
199 610 73926
460 549 42802
477 589 27295
359 510 53038
38 131 27019
644 649 66843
173 371 30364
535 656 47381
403 414 37108
308 655 41110
298 603 41110
260 457 81835
193 264 60828
94 207 19723
11 218 85147
269 547 42107
355 619 47381
213 511 39000
126 411 57315
126 365 87132
21 84 29000
213 229 30610
4 322 25495
17 287 18028
73 232 33956
437 515 45310
129 539 72801
159 331 18028
238 580 17464
250 344 20100
153 655 50488
40 143 50010
90 642 29732
209 408 57306
82 468 61847
207 352 49254
242 271 54083
222 314 54342
68 624 40817
41 507 59237
63 123 38118
327 584 23854
394 611 44643
216 409 22561
65 608 17117
186 509 45804
142 252 22847
237 273 21095
46 264 77698
41 87 32650
269 358 28071
481 632 57000
517 635 12369
1 197 19925
4 510 32894
172 240 22091
146 415 41593
195 511 31890
77 265 30265
247 444 16279
396 555 51614
110 565 13601
144 522 16031
43 547 25710
369 398 17263
440 580 11180
241 244 54818
269 355 72180
39 463 32650
304 487 12806
134 150 53740
429 584 23537
238 440 21213
6 401 21633
148 475 73164
76 144 10050
75 232 48754
297 537 42059
517 610 68964
210 408 22472
213 267 31016
180 491 41400
122 624 13342
200 222 33287
137 188 19209
303 521 69857
141 383 37696
98 109 27295
590 659 46043
292 611 30887
66 75 41231
169 653 12042
319 592 53666
56 525 25060
110 435 65008
250 309 70456
95 335 30265
278 410 52479
67 572 43267
570 648 39205
108 613 50990
405 626 38910
254 447 14866
17 352 41773
59 97 57000
198 377 34828
12 457 11180
177 293 36878
248 274 16279
257 425 42426
83 428 14213
29 427 62073
430 562 42450
355 547 56436
304 436 43681
181 560 25000
136 491 34928
209 589 162997
534 609 73573
334 415 42107
459 567 21024
371 494 55362
229 267 36401
138 385 38210
235 457 14213
86 418 25942
494 650 60828
451 557 11402
120 177 55027
391 628 41593
53 284 43081
461 593 10296
188 419 40249
77 112 40522
47 134 34015
536 617 17692
48 512 35693
440 483 41183
107 385 39115
473 575 83024
190 413 20248
221 332 49769
374 516 50090
387 516 39000
89 280 32249
38 506 26306
558 573 62482
37 330 29155
333 444 33541
559 638 36222
57 454 24021
358 504 23022
90 147 13342
248 358 26173
196 399 22847
92 348 50010
88 419 55803
220 444 38484
539 550 44911
74 232 27459
37 465 36069
139 645 29155
115 251 47508
137 419 48094
334 407 51788
374 610 49244
92 233 22847
68 540 45486
485 604 51088
54 495 130969
66 558 20224
139 481 24331
245 462 23854
82 235 48010
31 388 13342
227 656 36014
469 472 34205
18 492 101079
297 472 36770
174 332 46098
2 505 28792
150 338 17088
81 217 27803
1 8 32558
221 335 35777
89 534 50010
278 384 57723
230 595 11402
156 446 113600
215 419 30150
381 524 29069
508 531 52697
165 316 22136
188 449 57079
231 287 38118
324 359 17000
324 388 48104
176 534 32016
66 103 41000
286 383 11180
135 232 78746
185 488 28320
233 284 33956
252 347 25239
66 73 37121
492 494 65970
314 527 69354
33 122 57385
565 640 13601
53 596 36235
500 565 26401
339 435 22825
414 498 20616
40 225 34886
3 486 53085
126 618 64288
68 336 40447
169 444 30806
293 321 47508
324 510 46840
113 350 30150
357 439 19313
516 590 75166
333 351 16971
93 497 54406
219 285 43463
272 414 28071
379 641 67231
116 306 26926
191 485 45706
368 419 26571
16 467 34886
46 344 25080
402 535 45453
281 507 65552
361 424 56356
166 176 12530
177 569 28160
294 564 81056
135 258 28636
271 376 57428
105 217 55462
205 374 48332
398 631 48549
248 607 29682
425 439 50922
18 596 42720
230 616 33061
11 649 53009
567 627 24739
247 641 53600
182 243 28425
37 660 26907
206 360 38601
63 412 10440
301 332 29000
7 269 16971
133 456 52612
292 466 39560
563 625 23409
289 543 46755
56 299 25000
268 471 59439
227 402 11045
423 496 16125
220 623 26173
11 646 14213
192 249 53000
125 421 26019
142 448 14000
174 221 16000
73 75 31016
344 553 29530
367 496 18788
70 514 42450
115 382 42802
256 480 41785
421 563 29000
95 659 40112
52 226 28636
104 203 50448
15 345 23345
124 503 37216
64 80 43463
298 531 39319
239 479 25179
140 615 42450
319 480 30529
388 410 22023
61 445 55444
189 398 53852
152 446 124535
155 570 63411
471 531 71868
164 427 31048
391 503 28862
353 393 25710
132 396 48021
209 210 64537
117 128 30887
468 614 56569
30 598 37108
198 413 30887
348 645 13000
382 517 49820
73 135 67602
397 444 10440
102 292 32894
49 180 31906
173 209 83815
328 598 19799
141 286 44654
73 558 46141
36 71 47676
445 525 20224
130 370 22204
166 275 62000
167 349 31241
52 588 30017
41 605 12369
58 584 31321
98 116 23345
96 548 30150
218 291 43012
338 581 19313
117 214 59481
213 453 46519
380 620 29069
418 478 53759
104 170 26476
53 233 25000
379 657 56851
394 602 62008
11 70 82389
134 596 41677
288 628 74061
187 360 51865
5 178 19105
340 657 59008
352 605 44204
297 612 25495
171 480 57689
75 303 64405
323 388 35000
153 342 51400
255 392 43105
334 343 33106
561 584 21840
149 390 37483
12 298 65513
188 368 27893
513 549 39408
248 504 32016
85 328 11045
360 538 74465
610 633 43417
487 606 19026
362 392 37696
40 550 19925
114 416 41593
200 332 25000
39 165 13454
390 401 50359
100 233 35057
487 505 109179
530 629 52202
291 557 34525
466 611 44418
378 386 32573
416 563 44688
266 655 27514
369 407 19105
14 537 33015
413 538 39217
12 82 60745
26 597 12728
288 528 56824
210 288 58941
3 320 18788
499 616 44654
30 580 26173
399 608 53600
232 597 40000
199 511 41437
101 309 11000
617 622 24000
489 600 41617
345 455 51352
316 463 29411
537 592 21190
443 513 37855
239 308 53085
81 526 18439
364 602 49769
568 658 21840
102 241 14866
24 199 62129
319 537 41773
208 591 46065
138 647 37363
155 576 39825
342 361 37577
70 628 33541
93 308 32016
15 627 46400
163 184 47424
164 234 36222
218 644 42379
17 231 46174
16 405 44598
115 633 33601
14 297 38275
166 450 60729
112 641 44294
403 474 68593
579 585 24042
35 226 58052
448 650 28231
142 451 33136
99 206 40804
78 542 22627
51 551 33526
315 464 19235
24 374 49820
19 278 53075
315 434 25239
406 624 29682
241 292 43829
277 477 18111
448 569 31321
169 641 56223
4 567 27803
8 168 46098
120 485 83361
146 588 42450
21 85 32573
239 554 31016
8 197 44777
45 378 13416
39 316 12369
128 130 35609
89 275 32757
375 621 10296
72 609 44922
559 567 47424
81 177 59908
451 514 55172
461 555 14318
276 569 43174
112 538 56569
9 390 33015
129 564 18000
242 493 12369
34 133 54708
49 103 64885
270 412 62394
275 450 18439
108 325 11180
313 555 56321
187 289 51088
504 520 70064
161 468 37216
195 254 19209
294 316 50931
303 470 19416
40 259 22361
230 612 24597
224 328 49980
290 492 62177
25 203 19698
163 415 34928
262 366 23409
521 621 26019
349 501 18385
194 341 24042
62 660 10817
270 458 20591
380 474 19209
97 412 57280
30 263 34234
47 579 40050
88 137 36125
17 592 51478
240 462 27313
43 111 53254
385 513 22847
198 289 49244
465 562 50249
26 74 21260
297 469 18385
333 397 26907
151 307 41037
160 261 54231
41 352 37802
78 271 15297
25 83 44385
166 534 36359
223 631 34713
30 328 31828
108 545 26000
599 658 24839
157 243 10630
332 335 37696
236 287 18601
284 293 36139
65 261 51662
169 637 58078
6 222 32894
51 533 13928
81 321 55227
158 509 102460
351 519 47202
219 490 18028
303 621 67742
80 248 36235
189 478 41677
361 373 44598
2 395 12000
593 641 37202
25 639 57009
150 645 32016
236 352 22000
167 383 22136
98 205 31000
197 587 102357
116 633 17263
49 573 34409
67 261 48021
153 308 33242
139 326 42579
215 463 36235
259 582 69181
6 45 30806
37 582 25179
13 32 29530
602 639 61131
18 290 62968
76 332 37537
225 430 35511
257 357 40249
438 564 42638
46 48 22091
94 304 14866
1 226 132185
194 282 26926
74 432 36125
95 301 41110
66 441 46325
205 566 16279
65 312 64900
492 636 71028
353 642 27586
344 523 19235
87 505 27803
304 372 17029
435 562 20616
503 528 39051
48 523 18028
4 578 22023
163 343 70007
229 646 32202
212 331 27459
46 523 10630
16 626 13153
204 244 22091
434 614 12806
75 441 51478
483 518 26077
182 651 28443
19 272 40719
136 302 30000
438 539 44654
249 285 34059
154 356 25495
42 420 28862
134 393 49396
110 640 15811
433 573 34132
526 559 25020
371 528 36674
12 260 74027
139 581 36056
69 147 21932
50 218 35468
443 549 15811
335 423 29732
147 467 23345
4 459 13153
265 397 16279
322 326 29547
22 531 50606
312 363 36056
175 426 35228
67 562 45122
248 442 30463
101 446 74202
280 341 46325
230 438 42438
575 625 79379
171 370 65031
56 403 61717
104 495 60729
566 590 33941
114 152 141824
10 274 24839
137 657 29428
40 183 57280
346 624 20248
94 505 86701
41 281 49820
36 479 29732
58 329 32558
278 376 45177
35 577 32016
268 614 61294
221 423 26306
357 425 38419
148 477 14318
226 576 97098
205 386 24698
161 246 20025
47 393 47760
82 442 29275
154 568 50990
290 596 55227
299 484 42012
312 315 30806
361 497 24739
22 652 47011
215 294 14142
152 156 12166
149 401 53824
271 286 50695
61 403 78447
187 206 30463
17 507 39205
2 262 23431
101 629 22847
318 406 23409
278 586 46819
26 522 29069
286 376 27857
231 592 39013
297 595 32016
64 315 47127
455 560 40522
38 609 57280
369 631 44911
199 216 46530
315 614 24597
37 121 43046
158 473 107299
117 643 30594
488 634 52393
329 561 21024
33 264 80156
221 367 22825
12 235 21932
50 496 30067
6 285 45880
388 632 48508
528 628 70838
166 549 22847
352 372 50359
54 186 54672
612 616 14213
62 259 68066
302 484 21541
222 285 56859
322 459 29206
108 138 15232
156 296 38949
124 371 41773
183 600 27459
58 314 18788
473 551 30594
211 362 110064
162 168 20248
220 653 39661
50 557 44407
353 626 22361
132 654 73062
391 514 43829
269 476 34409
55 153 64281
141 271 45122
386 622 38000
113 313 31016
257 599 29967
6 317 42720
60 72 27295
23 456 18028
593 654 87207
42 508 65620
103 544 30265
370 652 42942
475 589 88119
143 183 43174
122 193 67201
5 214 40706
182 405 79209
24 216 27659
460 513 49041
30 518 38833
407 631 47074
44 126 43600
224 310 28018
431 574 41677
202 658 24331
301 583 22804
26 174 48877
282 482 55471
111 355 47011
144 432 41195
356 601 12530
385 588 49244
211 589 34205
224 488 51088
127 552 31623
59 263 31401
91 601 19235
395 505 34828
27 343 12806
52 223 45310
174 597 47381
82 246 53075
323 324 35057
111 382 44011
300 404 61074
588 613 38588
37 192 37202
124 528 44045
476 619 49204
269 532 39825
150 393 56569
234 327 29069
164 615 34409
108 647 30265
500 640 17263
33 193 62008
125 264 52773
294 463 27514
393 642 25495
30 488 50249
91 202 46519
246 607 30414
13 443 40804
219 390 32650
400 608 47381
333 540 23409
106 256 22000
318 624 24187
120 604 54562
153 497 44385
209 636 114843
55 300 26077
329 584 15133
283 458 55606
592 643 46043
368 502 51614
204 428 23770
398 571 45277
338 393 50636
301 317 12207
178 531 37656
194 280 46043
437 600 44011
117 436 74813
32 155 21401
288 362 15133
143 489 48847
71 495 47927
151 546 26833
124 391 54406
171 434 46530
330 490 12042
157 524 13928
533 575 20616
129 438 55803
300 595 55444
379 389 23345
5 22 36056
403 525 71197
162 189 21932
251 306 23087
501 586 70711
118 208 23770
377 543 37577
103 441 33541
260 531 40719
158 440 50606
515 582 53824
73 455 60440
60 343 26019
472 537 12530
71 479 40361
169 247 18439
96 264 63071
454 551 63151
274 358 16125
265 333 31321
321 348 47381
353 579 13038
214 436 43417
55 342 33971
406 506 62650
253 488 54120
164 375 39598
403 493 61717
48 553 13153
443 648 37108
299 302 53488
94 487 22561
344 548 33061
107 415 43324
121 390 17692
278 383 54406
46 548 44204
60 462 30806
545 613 64405
79 255 39205
321 526 48847
252 569 37000
349 383 44385
326 632 36359
478 571 24352
34 422 33734
65 363 52000
28 233 14142
165 489 66219
182 585 47539
200 301 17493
205 590 28160
302 422 58421
67 160 46872
148 277 19209
105 258 40025
276 494 47096
172 245 42059
17 424 18358
410 586 63325
61 525 59439
451 650 46228
161 179 18601
323 410 27019
67 465 28792
200 317 20616
68 486 28160
196 608 53151
266 428 33526
174 522 40200
69 632 54562
562 660 43932
387 649 68029
7 358 21260
164 621 43566
72 184 13928
137 449 48466
19 271 62032
364 502 44944
341 426 36249
368 611 54009
279 535 34670
196 536 17493
164 303 64382
49 491 50040
602 618 51420
494 636 77492
379 449 65307
97 119 23259
325 613 48010
346 482 23000
82 471 73000
331 355 46872
417 505 87920
235 520 41785
212 355 44777
12 603 29155
234 615 17889
173 408 30150
13 570 55973
327 561 19026
208 492 65803
521 656 19313
145 427 57723
486 624 25000
340 489 74733
18 381 29682
160 363 48662
366 395 26926
499 630 47802
358 532 29155
240 571 39560
23 307 54009
68 351 52393
175 250 12649
211 453 39408
9 572 18385
450 530 14422
303 656 69836
119 311 79699
234 561 21000
15 578 43046
307 456 50596
36 203 31064
135 345 46519
84 320 54918
263 580 26627
261 399 49649
185 305 94260
33 346 50010
278 501 53141
325 545 19000
197 542 55803
443 647 53339
202 599 20616
425 637 57871
411 568 48301
236 372 52498
58 285 43966
360 546 13038
86 474 30806
139 638 34785
64 161 16279
194 482 36497
978 599
56 641
515 799
775 393
43 411
431 324
184 181
954 621
336 313
222 230
472 157
81 260
849 831
190 482
724 432
915 312
112 519
844 161
892 458
574 151
497 883
77 399
672 609
394 159
149 761
581 341
794 632
800 252
431 558
433 915
879 381
875 817
601 859
721 650
956 670
143 748
358 367
691 748
319 591
336 471
61 580
14 464
244 197
226 887
424 294
615 879
884 238
613 857
649 513
570 225
557 975
917 721
797 218
212 888
211 619
777 525
537 924
457 380
380 936
758 641
742 455
344 394
280 905
210 280
267 241
601 442
305 332
571 768
860 354
554 149
96 756
745 665
598 405
567 357
569 416
535 330
506 675
911 531
546 76
227 240
709 307
138 239
166 720
477 862
466 893
856 539
46 609
318 636
720 770
863 336
319 740
769 251
98 628
18 545
494 263
612 917
323 936
398 228
673 712
825 240
741 891
232 667
592 482
173 818
716 379
130 431
803 737
882 774
374 241
274 436
274 153
495 636
569 591
684 963
352 180
375 224
81 430
781 202
302 946
676 301
356 324
579 806
242 902
665 121
601 929
252 852
82 678
108 415
293 544
130 387
692 775
473 591
674 678
850 237
665 396
683 577
321 672
868 768
795 329
433 419
958 506
658 213
335 521
536 340
448 552
858 689
876 339
430 22
375 275
812 275
648 638
799 880
147 625
270 748
862 834
787 882
861 216
388 983
309 106
259 341
194 277
918 590
785 710
464 488
328 581
789 802
965 478
935 579
451 713
178 844
217 392
803 583
682 51
556 299
664 871
795 791
694 249
45 392
183 262
676 530
687 476
891 227
377 511
750 678
380 899
254 923
606 712
309 687
898 581
583 688
602 271
388 389
539 860
670 804
410 79
336 254
972 580
549 708
390 97
490 317
98 676
361 760
141 779
186 689
429 228
634 700
35 555
772 180
602 26
644 75
467 29
286 134
470 103
24 447
270 639
412 138
692 329
537 212
398 327
465 755
556 283
462 335
934 679
438 845
320 440
945 727
546 541
458 576
489 127
213 535
98 475
590 372
790 242
460 452
90 240
84 528
715 469
398 940
126 701
801 605
237 653
860 513
869 209
184 667
763 596
174 278
469 709
195 223
441 389
660 883
328 221
667 234
374 830
422 64
515 100
130 409
369 807
677 370
356 461
35 318
280 291
74 656
399 911
549 920
502 705
145 701
499 92
148 307
196 169
290 833
914 516
855 441
726 451
206 211
727 802
692 180
418 37
928 419
611 540
716 802
92 619
680 779
342 779
757 234
415 367
933 469
95 513
587 60
573 751
782 172
580 213
201 678
722 225
272 625
957 519
758 856
177 518
47 316
757 540
209 593
481 302
707 559
511 444
23 531
309 837
350 214
618 610
123 648
730 891
437 817
378 970
231 295
540 602
474 388
224 325
307 588
471 309
616 800
185 450
507 816
746 266
800 398
866 413
831 411
892 779
788 371
479 430
455 892
451 412
383 352
291 107
510 302
511 735
814 654
524 267
611 762
496 808
818 291
286 351
349 608
677 827
188 594
784 640
640 881
707 416
611 810
646 248
779 300
985 454
572 561
523 747
84 550
893 289
863 425
245 116
289 731
405 789
198 197
839 426
623 663
154 578
572 62
267 293
224 766
266 766
66 678
576 272
282 694
867 644
152 390
673 80
34 544
169 536
385 208
492 516
907 459
522 686
430 282
394 631
841 558
869 177
318 154
944 471
872 433
842 740
420 251
443 148
866 378
377 615
369 312
621 153
558 97
868 283
216 736
56 653
514 566
491 717
870 627
327 275
290 196
419 306
557 540
817 478
248 546
948 282
608 778
865 663
652 54
434 133
883 392
294 813
283 895
564 681
853 469
817 696
665 926
58 714
879 551
273 669
7 492
602 955
714 617
552 257
128 528
375 765
644 842
434 496
177 711
489 415
326 405
411 441
540 381
703 482
210 346
275 371
35 489
388 465
248 511
423 782
419 943
562 467
167 235
825 798
481 720
735 510
696 950
427 50
672 213
366 690
731 820
625 216
164 686
490 61
513 923
656 422
666 626
79 249
308 823
777 380
784 759
487 622
776 616
298 616
227 344
332 342
190 716
899 343
162 296
160 525
507 425
90 294
151 492
495 991
826 546
362 49
168 149
436 35
862 602
123 726
169 424
819 333
634 810
439 979
715 539
594 316
568 796
13 523
399 878
380 540
392 344
651 563
753 117
857 525
689 133
115 800
568 255
130 584
858 489
248 477
242 428
978 437
240 724
628 125
175 198
29 631
665 752
116 558
23 399
291 950
786 424
431 103
620 822
833 761
585 178
405 423
407 163
327 105
441 953
495 785
105 201
527 512
552 339
623 872
856 203
755 513
727 311
503 325
637 87
442 59
719 828
52 355
227 194
570 970
770 771
592 511
345 239
157 481
551 644
273 474
533 743
224 865
927 547
538 720
562 478
892 798
636 662
238 172
642 914
810 793
317 465
525 985
56 696
626 855
95 702
484 608
488 396
614 219
621 445
726 336
667 461
460 431
295 376
631 955
275 544
263 444
432 244
758 371
316 770
702 222
812 873
839 594
329 296
669 485
432 477
578 989
893 809
957 638
761 410
886 278
414 933
825 309
361 392
463 288
466 410
909 271
944 375
998 481
887 720
440 8
456 220
751 221
137 474
478 627
361 837
202 538
829 201
590 332
469 906
356 780
404 506
300 737
178 785
78 289
627 277
49 577
14 504
179 248
284 243
732 708
361 165
228 693
202 513
920 740
202 336
444 460
211 502
358 251
190 835
198 110
812 560
501 511
382 251
484 773
592 803
653 963
913 299
752 395
584 134
750 870
202 490
911 653
819 390
372 207
387 827
330 93
712 59
393 710
762 340
194 726
259 431
456 657
873 308
111 436
523 252
792 300
463 146
878 804
816 834
471 210
661 187
896 199
114 370
443 722
400 588
154 675
545 505
350 667
337 764
454 266
338 385
